5.63892221357662
5.89979007946914
6.28619634964934
6.94045170080922
3.85081898773144
5.1297837368827
5.43608806872452
4.21851548965684
6.45402811198679
4.06861935960613
3.68877149993393
3.85757139418617
4.12136766133437
6.18144029623101
5.60254074997928
4.06701027529369
5.171605085665
4.73900972276887
2.75204578396201
4.23130310320186
5.09235038440124
4.43518177652926
4.30625132039713
4.40289640670377
5.09169541056916
6.13390701406045
3.63575127133141
4.99377920026799
4.58095254681715
4.56912554049889
3.8287512567499
4.01609861569785
4.23795707218985
3.71321204810823
5.66973978599045
4.02759586118888
4.53910739425406
4.78357123931077
5.07629438404487
5.05493017930278
5.35997950126032
5.51787267184975
5.17206747354248
4.92934902733918
5.83982566591662
3.66768235263323
5.11502890207951
4.85076215573903
-4.07583601599737
5.98229235830084
4.37044288261447
4.04656338599159
4.04953857861951
4.63321739637695
5.71712308052
6.8163404082281
4.1155208066554
6.18177653968343
5.06905070978784
3.67733197740828
2.98079577854107
3.89224639460915
-11.1217330932702
4.91704590535464
5.0932669344926
5.74485378665923
7.96839691911433
5.54804743907834
5.3019973679675
5.07242992190665
6.51445038242187
5.04268544845642
5.64982271807898
7.04015366826497
18.3937692639085
5.43061281303745
4.57651850909794
5.38231147378344
6.76869167573017
5.13606017044919
4.78317176778738
6.06507470781812
9.19445900149278
5.11177004457452
5.69614404703636
5.40968419430448
6.55953362917051
4.44901003711183
4.40587373745146
4.38513441148259
3.81081166792201
4.01792896119793
5.41531424858633
3.85861031992671
2.80106655270635
2.61283687221563
5.75185479194418
4.60719147693747
3.43726996728532
4.93422828690438
